Time	Temperature (°C)	Dew Point (°C)	Humidity (%)	Wind Speed (km/h)	Pressure (hPa)	Precipitation (mm)
Jan
1
2
3
4
5
6
7
8
9
10
11
12
13
14
15
16
17
18
19
20
21
22
23
24
25
26
27
28
29
30
31
Max	Avg	Min
6	3.8	-1
9	2.5	-3
12	2.8	-4
2	-0.4	-6
-1	-6.4	-10
4	-4.6	-12
4	0.9	-4
6	4.5	2
10	6.8	4
15	10.1	1
4	-0.8	-4
7	0.7	-5
-1	-4.6	-7
11	2.5	-7
9	4.7	-3
11	5.0	2
3	1.3	-1
-1	-6.3	-10
-4	-7.7	-11
-2	-5.0	-9
0	-3.5	-6
-2	-5.5	-8
-2	-4.2	-6
1	-5.0	-12
6	-5.3	-15
11	5.0	-4
6	2.1	-7
5	-2.0	-11
3	0.0	-4
8	0.7	-9
14	8.1	1
Max	Avg	Min
-1	-3.0	-6
-3	-5.1	-7
-3	-5.0	-7
-5	-11.5	-17
-13	-16.0	-18
-9	-12.7	-17
3	-2.2	-8
5	3.5	2
9	5.9	4
12	6.4	-8
-9	-12.6	-16
-1	-7.5	-14
-11	-15.3	-17
-2	-6.5	-13
5	0.7	-4
7	2.6	-3
-1	-2.4	-5
-5	-15.4	-19
-16	-17.7	-19
-6	-12.7	-16
-7	-11.6	-12
-7	-9.1	-12
-4	-6.2	-8
-7	-11.5	-13
-6	-10.0	-17
2	-1.5	-7
2	-4.4	-9
-3	-6.8	-12
-2	-5.7	-11
-5	-8.4	-12
3	-1.3	-5
Max	Avg	Min
72	61.7	49
82	60.5	33
91	62.0	26
66	45.5	31
77	49.4	29
88	59.4	20
97	80.2	59
97	94.9	92
100	94.5	89
100	79.5	50
63	43.0	23
89	56.7	35
71	45.3	30
81	54.0	36
96	78.1	52
100	86.0	56
92	77.4	59
78	50.4	35
54	45.1	35
88	58.2	38
78	55.9	42
89	76.7	56
92	87.3	64
92	62.8	40
92	73.8	40
84	64.0	46
85	62.7	43
96	71.1	51
88	67.3	48
84	54.6	34
66	52.3	36
Max	Avg	Min
26	13.5	6
22	7.3	0
31	8.0	0
37	24.6	7
33	12.2	0
13	3.1	0
7	1.9	0
9	3.2	0
15	3.3	0
31	19.1	6
31	16.6	0
52	21.4	0
31	13.5	0
30	11.1	0
15	7.6	0
33	10.1	0
19	8.3	0
50	29.4	11
37	25.8	11
22	9.6	0
28	18.2	7
28	13.0	0
46	31.0	22
28	12.7	0
9	3.0	0
22	12.9	0
31	15.1	0
19	5.9	0
56	22.8	0
22	11.1	0
19	12.0	0
Max	Avg	Min
1009.9	1008.6	1006.9
1010.2	1007.2	1004.5
1004.2	1001.9	998.8
1019.3	1009.4	1002.9
1027.0	1024.7	1019.9
1025.3	1021.9	1017.9
1017.2	1014.1	1009.9
1010.5	1009.4	1008.2
1009.2	1006.4	997.8
998.8	989.9	984.4
1008.2	1005.8	1000.2
1007.2	1000.0	994.1
1011.2	1008.0	1004.9
1004.2	1003.0	1001.2
1002.2	995.0	986.8
1000.2	991.6	985.4
1000.8	998.6	996.8
1012.2	1006.1	998.8
1016.9	1014.7	1012.6
1016.9	1012.9	1008.5
1015.9	1013.6	1008.9
1015.2	1009.9	999.2
999.2	994.4	990.8
1010.2	1006.6	999.8
1014.6	1012.0	1009.9
1009.9	1006.0	1003.9
1011.5	1008.9	1004.5
1009.5	1001.3	993.1
1005.2	995.4	989.8
1008.9	1006.1	1003.5
1004.2	1001.2	998.2
Total
0.00
0.00
0.00
0.00
0.00
0.00
0.00
0.00
0.76
31.24
0.25
0.00
0.25
0.00
0.00
13.21
0.00
0.76
0.00
0.00
0.00
0.00
38.61
18.03
0.00
0.00
0.25
0.00
0.00
0.25
0.00
Feb
1
2
3
4
5
6
7
8
9
10
11
12
13
14
15
16
17
18
19
20
21
22
23
24
25
26
27
28
29
Max	Avg	Min
12	8.0	5
9	5.2	-1
12	7.5	4
12	8.5	4
4	2.2	-3
7	0.1	-5
7	1.2	-4
8	3.3	-3
4	1.4	-1
2	-1.4	-4
-3	-5.4	-7
-2	-4.8	-9
-3	-7.4	-11
-4	-8.1	-14
-1	-4.2	-7
9	2.5	-1
7	2.6	-3
3	0.3	-5
6	-0.3	-8
19	11.2	6
13	10.1	7
11	6.8	3
6	4.2	3
13	7.5	3
11	6.9	3
3	1.3	-2
8	1.3	-4
19	9.4	-1
16	11.4	3
Max	Avg	Min
6	4.6	2
1	-1.1	-2
12	6.6	1
12	2.8	-4
-3	-6.2	-9
-6	-7.0	-8
-3	-5.6	-7
1	-4.0	-7
1	-1.0	-8
-7	-10.1	-14
-13	-16.5	-18
-7	-13.3	-16
-8	-18.2	-22
-9	-17.6	-20
-2	-6.0	-9
5	0.9	-2
-1	-3.4	-6
-5	-10.2	-13
-6	-9.2	-11
6	0.5	-5
11	7.7	5
4	0.3	-1
4	2.6	1
12	6.8	3
7	-1.6	-6
-4	-8.5	-11
-4	-7.5	-10
-1	-2.9	-6
4	-0.7	-3
Max	Avg	Min
93	79.5	64
96	66.2	44
100	94.9	71
100	69.1	50
72	54.6	41
85	62.1	38
88	63.7	38
83	61.1	44
96	86.3	56
69	52.7	43
57	42.8	32
78	54.0	38
78	43.3	31
85	48.4	31
96	86.8	80
100	89.8	56
92	66.2	49
72	47.2	29
85	55.1	33
74	49.7	27
90	84.1	77
82	64.8	47
96	89.1	73
100	96.3	92
79	55.9	44
62	49.2	37
75	54.6	34
72	45.5	27
68	44.8	29
Max	Avg	Min
22	11.3	0
20	9.4	0
33	12.0	6
22	15.9	6
39	21.3	0
22	7.1	0
17	7.1	0
19	10.3	0
28	9.3	0
35	24.4	6
41	24.4	6
19	8.4	0
44	32.7	13
22	10.3	0
17	7.7	0
37	9.1	0
24	12.4	0
30	15.8	6
26	11.8	0
30	21.0	13
20	8.8	0
15	8.0	0
24	12.6	0
24	8.1	0
44	24.4	15
44	27.8	7
17	6.5	0
31	17.3	7
41	19.6	0
Max	Avg	Min
1007.5	1001.6	997.8
1016.6	1013.4	1008.2
1011.9	1003.5	997.5
1008.9	1005.5	1000.2
1017.9	1013.3	1007.9
1019.6	1016.6	1012.6
1012.6	1007.2	999.8
998.8	995.5	992.5
994.1	990.6	989.1
1002.9	998.0	994.5
1015.2	1009.1	1003.5
1015.6	1009.7	1004.2
1019.3	1013.2	1004.2
1023.6	1021.2	1019.6
1020.3	1013.8	1005.5
1004.2	994.3	988.5
1014.2	1007.4	1000.5
1023.3	1020.3	1014.6
1024.3	1017.9	1007.2
1006.5	1003.9	1001.2
1003.5	1001.6	999.5
1010.5	1008.3	1003.9
1010.9	1008.9	1005.9
1005.5	989.0	980.1
997.5	987.8	980.8
1010.5	1005.7	998.2
1011.2	1008.9	1006.5
1006.9	1002.8	996.8
1005.9	998.6	993.1
Total
0.00
4.57
1.02
18.54
0.51
0.00
0.00
0.00
5.08
3.30
0.00
0.00
0.00
0.00
2.54
14.22
17.02
0.00
0.00
0.00
0.00
2.03
1.52
8.89
18.54
0.00
0.00
0.00
0.00
Mar
1
2
3
4
5
6
7
8
9
10
11
12
13
14
15
16
17
18
19
20
21
22
23
24
25
26
27
28
29
30
31
Max	Avg	Min
18	10.8	-1
15	3.9	-4
4	0.6	-4
4	1.6	0
7	3.8	2
10	4.2	-1
18	9.8	-2
25	15.8	5
28	17.8	4
27	20.7	15
22	17.2	9
17	11.7	6
16	11.7	9
11	9.3	8
17	9.9	7
23	12.6	6
18	13.7	5
18	11.5	3
11	4.7	2
7	3.8	2
11	5.4	0
16	7.4	-3
23	16.3	11
25	17.5	6
21	17.0	9
16	9.6	3
13	10.4	7
19	11.7	9
15	10.8	5
18	9.6	-2
22	17.7	12
Max	Avg	Min
8	0.3	-3
11	-5.7	-11
-1	-6.7	-11
-1	-1.9	-4
-2	-4.5	-6
1	-1.1	-3
3	0.3	-4
6	3.0	2
9	3.3	0
12	10.8	9
12	7.4	1
10	5.9	1
9	8.0	6
9	8.0	7
11	7.3	6
13	7.9	-3
4	-0.2	-3
-1	-4.0	-7
2	-0.3	-4
1	-1.0	-3
-1	-5.0	-8
-2	-3.6	-6
1	-1.0	-3
8	3.8	-1
14	8.7	1
4	0.0	-2
9	7.3	4
12	6.8	1
2	-2.7	-6
3	-2.5	-7
11	8.6	2
Max	Avg	Min
85	53.3	28
87	50.7	36
92	62.0	36
92	79.2	59
70	55.8	45
92	71.2	39
85	56.5	28
86	47.5	22
79	43.6	18
69	53.8	36
81	54.7	30
82	68.6	57
93	79.5	55
93	91.4	86
97	85.3	65
100	77.7	26
79	41.5	28
73	37.5	18
93	73.0	35
93	72.5	53
82	51.4	27
82	50.9	26
46	32.4	21
71	41.7	26
78	59.4	42
73	53.0	36
93	81.7	66
100	76.7	34
58	40.9	24
85	48.3	23
72	56.1	45
Max	Avg	Min
30	15.3	0
44	29.2	0
20	7.1	0
20	13.1	6
15	9.1	0
24	6.5	0
26	14.6	0
19	6.9	0
24	10.2	0
26	16.4	9
30	11.8	0
15	4.2	0
22	11.0	0
19	12.5	6
15	7.5	0
20	4.9	0
28	13.7	0
43	16.5	0
20	12.4	6
20	10.6	6
35	18.2	0
30	13.2	0
24	17.3	6
33	15.8	0
31	22.5	11
24	11.0	0
15	8.2	0
57	17.6	0
41	23.2	6
30	14.0	0
37	24.0	13
Max	Avg	Min
1008.2	1001.5	989.1
1011.2	1001.7	989.5
1015.2	1011.5	1008.9
1009.9	1006.9	1005.2
1012.6	1010.4	1008.5
1014.9	1013.0	1010.5
1014.6	1010.9	1007.9
1011.2	1009.0	1007.5
1010.9	1007.9	1005.9
1007.9	1005.2	1002.2
1015.9	1009.8	1002.5
1015.9	1011.5	1005.9
1005.5	1004.4	1003.2
1003.9	1002.1	999.2
1000.5	999.0	997.8
999.8	997.6	994.1
1002.5	1000.3	998.2
1003.2	1001.9	1000.5
1008.9	1007.3	1004.2
1007.2	1005.5	1003.2
1008.9	1004.0	1000.8
1012.6	1008.6	1003.9
1005.9	1003.9	1002.5
1005.2	1001.0	995.8
1007.9	998.4	993.8
1015.6	1012.8	1008.5
1015.2	1011.6	1004.9
1003.9	998.0	994.1
1012.9	1008.4	1003.2
1017.9	1013.1	1005.2
1008.2	1001.7	996.5
Total
0.00
0.00
0.00
2.03
0.00
0.00
0.00
0.00
0.00
0.00
0.00
0.00
0.00
14.22
0.25
0.00
0.00
0.00
0.00
8.64
0.00
0.00
0.00
0.00
0.00
0.00
0.00
9.40
1.02
0.00
0.00
Apr
1
2
3
4
5
6
7
8
9
10
11
12
13
14
15
16
17
18
19
20
21
22
23
24
25
26
27
28
29
30
Max	Avg	Min
28	21.1	18
18	12.9	6
11	5.8	1
22	12.4	5
7	2.3	-2
13	6.3	-4
17	11.4	8
11	6.8	2
7	3.6	1
11	4.4	-4
23	15.0	8
19	14.7	9
14	9.0	2
17	9.4	-1
17	10.9	2
22	12.8	2
23	13.7	4
28	18.0	7
28	18.7	9
22	15.0	6
23	16.4	9
21	18.9	17
21	16.6	12
20	13.6	7
26	17.9	8
29	22.1	17
20	14.6	12
12	10.9	8
13	9.6	8
13	11.6	11
Max	Avg	Min
16	13.6	6
7	1.9	-5
-2	-6.7	-10
11	2.4	-2
-2	-8.7	-12
-5	-6.8	-9
11	6.5	-3
-1	-3.3	-6
1	-2.4	-10
-3	-8.0	-10
9	3.5	-5
13	3.9	-6
-2	-3.5	-5
2	-1.2	-3
3	0.3	-3
3	1.3	-1
4	1.8	-2
8	4.6	3
8	5.0	-1
-1	-3.3	-6
12	5.7	-2
16	14.6	12
16	10.6	1
3	-2.8	-6
13	8.0	4
14	12.3	11
15	11.8	9
11	9.3	7
9	7.8	7
10	8.9	8
Max	Avg	Min
90	64.4	29
83	51.4	24
67	42.4	27
83	53.1	28
67	47.5	25
78	43.8	26
97	75.2	35
76	50.8	32
93	68.0	42
66	42.1	23
66	47.1	36
83	51.6	23
67	42.4	27
89	52.9	25
89	52.2	28
86	50.4	26
89	50.3	19
77	46.9	22
83	45.2	25
53	30.2	17
61	49.5	32
93	76.6	61
97	71.9	40
52	34.1	19
80	55.4	30
73	55.3	32
93	83.4	68
97	90.4	86
96	89.4	77
93	85.3	72
Max	Avg	Min
37	22.0	7
54	21.5	6
48	26.5	0
31	19.5	6
35	18.9	0
33	17.1	0
41	14.8	0
39	18.2	0
52	22.3	0
22	12.6	0
37	24.8	13
37	24.5	13
19	8.2	0
13	5.6	0
15	6.5	0
17	7.1	0
17	4.8	0
19	5.9	0
30	13.1	0
15	9.4	6
30	15.8	9
22	15.2	7
28	16.4	7
15	8.0	0
15	8.4	0
28	18.1	6
20	11.0	0
19	10.3	0
11	7.5	0
15	7.0	0
Max	Avg	Min
996.1	992.7	988.8
993.8	989.3	983.8
1004.9	1001.0	990.5
1005.2	999.5	995.8
1017.6	1014.7	1006.5
1017.2	1010.7	1000.2
999.5	990.0	985.4
998.2	995.9	992.5
1011.2	998.1	993.8
1018.3	1014.9	1012.6
1012.6	1007.3	1002.5
1014.6	1007.1	1001.8
1019.3	1016.2	1013.6
1016.6	1015.0	1013.6
1019.3	1017.5	1015.9
1019.3	1017.7	1016.2
1020.6	1017.7	1014.6
1014.2	1011.5	1008.2
1010.5	1007.0	1004.9
1015.6	1012.8	1010.9
1011.5	1007.7	1003.5
1003.5	1001.5	999.8
1005.2	1000.9	998.5
1010.2	1007.2	1005.2
1005.9	1002.4	997.5
997.5	996.1	994.5
1002.5	1000.2	996.1
1005.5	1003.7	1001.5
1008.5	1005.9	1004.5
1011.2	1010.2	1008.5
Total
0.00
1.78
1.02
0.00
0.76
0.00
4.32
19.56
2.03
0.00
0.51
0.00
0.25
0.00
0.00
0.00
0.00
0.00
0.00
0.00
0.00
0.00
1.02
3.81
0.00
0.00
0.25
1.52
9.40
0.00
May
1
2
3
4
5
6
7
8
9
10
11
12
13
14
15
16
17
18
19
20
21
22
23
24
25
26
27
28
29
30
31
Max	Avg	Min
14	12.3	11
26	16.8	12
21	17.6	14
16	13.4	12
14	11.3	10
12	11.4	10
18	13.0	9
21	16.2	11
17	12.1	6
17	14.8	13
16	13.4	12
19	16.0	14
25	19.4	16
23	15.1	8
14	10.6	6
19	11.6	3
13	11.9	11
18	13.7	11
22	15.7	12
25	17.6	7
17	12.8	12
13	12.4	11
23	16.1	13
28	20.2	12
29	21.5	12
32	23.8	14
31	26.2	20
31	25.7	21
29	23.0	18
28	22.9	18
31	24.1	20
Max	Avg	Min
13	11.1	9
19	14.8	12
17	14.9	13
13	11.4	9
9	8.5	8
11	9.3	8
11	8.9	7
12	5.0	-1
13	8.6	3
13	10.6	8
14	12.0	10
16	14.2	13
18	14.5	8
14	9.0	2
4	-1.0	-3
4	0.2	-3
11	8.7	5
11	8.6	7
9	7.6	6
10	7.0	4
12	10.9	9
13	11.3	10
14	12.8	11
13	11.1	8
14	11.8	9
18	15.6	13
19	18.5	17
19	18.0	16
21	17.3	14
21	18.5	17
20	17.6	12
Max	Avg	Min
97	93.1	87
100	89.5	62
100	85.7	61
97	87.2	75
93	84.2	69
94	88.5	83
96	77.7	50
96	54.0	23
90	79.9	62
96	76.2	63
97	90.5	83
97	89.3	78
100	76.5	36
93	68.8	40
68	46.4	30
89	49.9	28
96	82.1	59
97	73.1	50
80	60.8	35
93	55.1	29
96	87.8	62
97	93.0	89
97	82.8	49
100	61.6	30
93	59.1	28
93	62.9	40
84	64.2	48
81	64.0	43
90	72.4	41
94	77.4	56
96	72.3	32
Max	Avg	Min
19	11.0	0
44	10.9	0
20	9.0	0
19	9.5	0
24	15.2	9
30	16.3	0
20	9.1	0
37	15.8	0
24	5.7	0
13	7.0	0
13	5.9	0
13	6.3	0
31	13.7	6
37	17.1	0
39	23.1	0
26	11.7	0
15	6.3	0
19	11.0	0
13	6.9	0
19	8.1	0
20	14.1	0
20	13.4	6
22	10.1	0
24	10.2	0
17	6.3	0
24	7.8	0
17	8.1	0
20	11.5	6
15	7.8	0
13	7.0	0
15	7.0	0
Max	Avg	Min
1010.5	1007.1	1004.5
1004.9	1001.6	997.8
999.2	997.5	995.8
997.1	994.8	992.5
994.5	993.4	992.1
995.5	994.1	992.8
997.8	996.3	995.1
1004.9	998.3	993.1
1010.2	1007.4	1005.2
1013.6	1011.3	1008.2
1011.5	1010.4	1009.2
1009.5	1007.6	1004.2
1003.5	1000.3	998.8
1000.8	997.3	994.1
1008.2	1003.5	1000.2
1013.6	1011.1	1008.5
1013.2	1011.3	1009.5
1009.5	1008.4	1006.9
1010.9	1009.0	1007.9
1013.9	1011.9	1009.5
1009.2	1004.5	1000.8
1001.8	1000.8	999.5
1003.9	1002.5	1001.2
1007.2	1004.8	1002.5
1010.5	1008.8	1007.2
1008.9	1007.1	1004.9
1007.5	1006.6	1005.2
1009.9	1008.7	1007.2
1009.9	1008.2	1006.5
1006.2	1004.4	1002.5
1004.5	1003.5	1002.5
Total
9.40
5.84
35.56
13.21
0.00
0.76
22.86
2.03
0.00
2.54
0.25
4.32
0.00
1.27
0.00
0.00
0.25
8.13
0.00
0.00
10.41
3.56
19.30
11.43
0.00
0.00
0.00
0.00
0.00
0.25
0.00
Jun
1
2
3
4
5
6
7
8
9
10
11
12
13
14
15
16
17
18
19
20
21
22
23
24
25
26
27
28
29
30
Max	Avg	Min
29	23.9	17
27	21.9	17
28	23.3	21
27	23.2	21
28	22.8	21
29	24.1	19
29	23.5	18
22	18.2	14
27	19.2	9
27	21.7	14
34	26.2	16
33	27.1	21
26	21.4	16
27	22.0	18
27	22.9	18
29	23.4	20
27	21.1	17
28	22.3	16
30	23.1	14
31	24.7	15
30	22.9	20
28	23.5	18
26	22.1	20
29	23.9	19
28	23.6	19
29	23.1	16
30	24.0	18
32	24.9	19
27	22.7	18
28	21.8	14
Max	Avg	Min
20	17.2	15
19	18.1	17
21	20.6	19
21	20.8	19
21	20.3	17
19	16.1	13
19	14.4	9
11	6.5	2
9	6.7	4
16	8.1	2
20	15.3	13
18	10.6	1
13	9.1	4
12	9.0	7
20	17.1	12
22	20.5	19
18	15.0	12
16	13.0	11
14	12.0	9
17	14.3	13
21	19.5	16
19	15.2	11
21	19.7	19
21	19.6	18
19	16.6	13
18	14.5	12
22	18.6	13
22	20.6	18
18	14.2	12
17	14.4	12
Max	Avg	Min
97	68.0	41
97	79.9	58
97	84.3	56
97	86.4	67
96	86.5	64
93	63.9	38
96	59.7	34
72	49.5	30
86	47.5	25
70	43.2	33
90	54.8	28
68	39.8	14
58	45.6	35
65	44.9	29
84	71.0	58
96	84.7	61
97	70.7	40
90	58.7	35
89	53.8	28
87	55.9	32
97	82.1	55
96	64.2	35
96	87.3	69
96	78.1	56
87	67.1	39
93	61.8	38
87	72.8	56
93	78.0	50
97	61.3	39
93	65.1	39
Max	Avg	Min
26	8.0	0
15	6.9	0
35	7.5	0
15	6.3	0
33	13.6	0
20	12.3	0
35	14.8	0
44	21.9	6
33	17.3	0
24	11.3	0
28	10.8	0
44	23.8	6
30	15.8	6
20	11.4	0
17	9.7	0
39	11.5	0
24	14.9	0
19	5.7	0
19	7.3	0
15	8.0	0
52	13.8	0
33	11.7	0
24	6.2	0
17	9.8	0
17	9.0	0
17	7.1	0
20	11.2	6
20	8.4	0
28	13.2	0
15	5.0	0
Max	Avg	Min
1007.2	1005.8	1004.2
1008.5	1006.9	1004.9
1006.2	1005.2	1003.9
1005.9	1004.1	1001.2
1001.2	997.0	993.5
997.1	995.6	993.5
995.5	991.5	988.8
1002.5	998.1	995.5
1004.2	1002.9	1001.2
1008.9	1006.8	1004.9
1006.5	1003.1	1000.2
1001.5	998.6	996.8
1004.5	1001.9	999.8
1005.2	1003.7	1001.2
1004.9	1001.8	998.8
998.5	995.6	992.8
1007.5	1000.8	995.8
1015.6	1012.2	1007.9
1016.9	1015.1	1013.2
1013.2	1009.2	1003.5
1002.9	1000.0	998.5
1003.9	1002.0	999.2
1003.2	1001.0	998.5
1007.2	1004.0	1000.5
1011.5	1009.8	1007.2
1012.6	1011.0	1008.5
1009.5	1005.8	1003.2
1003.2	1001.4	999.2
1005.5	1003.2	1001.2
1006.9	1005.9	1004.9
Total
0.00
0.00
0.00
25.15
1.27
0.00
0.00
0.00
0.00
0.00
0.00
0.00
0.00
0.00
0.25
9.65
65.53
0.00
0.00
0.00
0.00
42.93
13.97
1.02
0.00
0.00
0.00
0.00
1.52
0.00
Jul
1
2
3
4
5
6
7
8
9
10
11
12
13
14
15
16
17
18
19
20
21
22
23
24
25
26
27
28
29
30
31
Max	Avg	Min
31	24.6	18
26	22.6	19
22	19.8	18
22	20.6	19
32	24.5	22
33	27.7	22
31	27.7	22
31	27.0	21
32	27.6	23
29	25.0	21
30	24.1	17
29	25.0	19
33	27.2	24
35	28.7	22
31	27.0	21
32	24.7	20
32	24.7	18
34	26.1	22
32	26.5	21
30	25.1	20
32	24.8	16
34	27.5	21
37	29.1	22
36	29.4	22
37	30.1	24
34	29.3	24
34	29.1	25
33	26.2	23
31	25.2	22
30	25.2	22
32	25.1	22
Max	Avg	Min
21	19.1	17
17	12.2	9
18	15.7	13
21	19.4	18
23	21.4	21
22	21.0	18
23	21.3	20
23	20.6	19
21	18.2	16
16	15.3	14
17	14.5	12
21	19.4	17
23	21.4	19
22	20.5	19
20	18.9	17
21	18.4	15
21	18.6	16
22	20.4	17
21	19.3	16
21	15.2	11
19	15.9	13
22	20.1	19
23	21.0	19
23	20.0	16
24	22.1	20
23	21.3	19
23	19.8	16
23	22.1	19
23	21.2	19
23	21.9	21
22	21.5	19
Max	Avg	Min
93	73.3	49
75	53.7	36
93	77.4	57
97	92.7	87
100	84.5	53
97	69.8	42
97	68.8	51
90	69.3	55
90	58.3	37
71	54.8	40
87	57.8	32
90	71.2	57
87	71.7	47
93	64.1	40
90	63.4	44
96	71.8	42
100	73.1	38
91	73.9	35
93	67.2	38
93	57.8	30
93	61.7	34
93	66.6	44
94	64.9	36
91	60.5	33
91	64.3	36
87	63.3	41
84	59.4	37
97	79.5	50
97	79.7	48
97	82.0	63
97	80.7	52
Max	Avg	Min
17	7.1	0
30	12.6	0
13	6.4	0
20	12.2	0
22	7.7	0
19	7.7	0
20	10.2	0
30	8.8	0
22	12.8	0
31	15.3	0
15	5.3	0
22	11.8	0
11	5.9	0
22	12.3	0
20	9.3	0
44	10.4	0
19	6.3	0
48	11.4	0
13	7.3	0
22	8.9	0
19	7.0	0
19	10.1	0
22	9.4	0
19	8.9	0
35	10.3	0
19	9.8	0
19	7.6	0
31	11.6	0
17	10.6	0
30	12.7	0
28	5.7	0
Max	Avg	Min
1005.2	1002.5	999.8
1010.5	1007.0	1003.5
1009.9	1008.8	1008.2
1008.2	1005.5	1001.2
1001.5	999.7	998.8
1002.5	1000.9	999.2
1000.2	999.0	997.8
1000.8	998.5	997.5
1000.5	998.5	997.5
1005.9	1003.0	1000.5
1009.2	1007.4	1005.9
1008.5	1007.1	1005.5
1006.9	1005.2	1002.9
1004.2	1002.0	999.8
1004.9	1002.9	1001.2
1008.2	1006.0	1003.9
1010.5	1009.0	1007.2
1009.9	1008.6	1006.9
1010.5	1008.9	1007.2
1012.2	1010.6	1009.5
1011.5	1009.5	1006.9
1006.9	1004.4	1001.5
1003.9	1002.3	1000.2
1005.2	1003.8	1002.5
1003.9	1002.1	999.5
1004.2	1002.9	1001.8
1004.2	1002.6	1001.2
1002.2	1000.3	998.2
1002.5	1000.3	998.5
1004.2	1003.1	1001.5
1005.9	1004.4	1002.5
Total
0.00
0.00
0.25
0.25
22.61
0.00
0.00
0.00
0.76
0.00
0.00
0.00
0.00
0.00
0.00
0.00
4.06
0.00
5.33
0.00
0.00
0.00
0.00
0.76
0.51
0.25
0.00
0.00
33.78
0.00
8.13
Aug
1
2
3
4
5
6
7
8
9
10
11
12
13
14
15
16
17
18
19
20
21
22
23
24
25
26
27
28
29
30
31
Max	Avg	Min
32	27.0	22
31	26.0	22
27	23.9	21
28	23.6	18
27	23.7	21
32	25.9	23
31	25.2	18
31	22.7	17
25	22.3	17
33	27.7	24
34	29.3	24
36	30.0	25
36	31.0	26
36	29.9	25
34	26.4	21
35	26.5	22
34	26.8	21
32	26.1	23
31	25.6	19
32	25.8	19
32	25.6	21
29	23.2	17
28	22.7	17
29	23.5	17
32	26.3	20
34	28.9	23
33	27.5	22
32	25.2	19
34	26.7	19
33	26.4	22
33	26.1	18
Max	Avg	Min
22	21.1	19
22	20.7	18
19	18.2	17
18	17.4	16
23	20.4	18
24	22.4	19
16	14.6	13
19	16.5	14
22	19.4	16
23	22.3	21
22	21.8	20
24	22.7	22
24	23.2	22
26	22.2	20
22	21.3	20
23	21.9	20
23	20.7	19
22	20.9	18
20	17.5	13
21	18.0	16
23	21.3	17
16	14.0	12
16	14.5	13
19	16.7	15
23	20.2	16
23	21.6	19
24	18.9	16
21	17.6	14
21	18.5	17
18	16.4	15
22	18.8	16
Max	Avg	Min
93	71.9	50
97	74.1	46
84	71.4	60
93	69.6	49
94	82.5	66
93	81.1	57
81	53.8	32
93	70.3	36
96	83.4	71
94	74.1	52
87	65.8	44
84	66.5	47
87	65.3	46
90	65.1	39
100	75.3	44
97	77.5	41
97	72.5	41
96	76.0	46
93	64.0	35
93	65.2	43
94	76.9	57
87	59.0	35
90	63.4	39
87	67.1	48
89	69.9	53
97	66.3	43
100	61.5	38
93	65.6	36
93	63.7	38
73	55.3	35
90	66.1	41
Max	Avg	Min
17	7.5	0
19	9.8	0
17	10.0	0
15	6.0	0
22	11.2	6
19	10.5	0
17	9.3	0
22	6.6	0
17	7.0	0
26	13.3	0
30	15.5	9
24	14.4	7
26	12.8	0
31	11.7	0
35	9.5	0
35	11.0	0
43	11.7	0
19	7.6	0
15	5.3	0
15	8.0	0
35	13.5	6
30	12.0	0
15	7.2	0
22	11.5	0
20	12.2	7
19	7.1	0
19	7.8	0
17	4.8	0
19	6.8	0
17	8.9	0
19	8.6	0
Max	Avg	Min
1005.9	1004.9	1003.5
1007.5	1006.2	1005.2
1009.9	1008.8	1007.5
1009.9	1008.5	1006.9
1006.9	1004.8	1001.2
1000.8	998.8	996.8
1004.2	1002.6	1000.2
1009.5	1006.4	1003.9
1011.9	1010.6	1009.2
1011.2	1010.0	1008.2
1009.5	1007.4	1004.9
1004.9	1003.2	1001.2
1003.2	1002.0	1000.2
1008.9	1005.5	1002.9
1012.9	1010.5	1008.5
1011.9	1009.5	1006.2
1008.9	1006.9	1004.5
1006.9	1005.4	1003.2
1004.9	1003.5	1001.8
1002.5	1001.1	999.5
1002.2	998.6	996.8
1012.2	1007.3	1002.5
1016.2	1014.4	1012.6
1014.9	1012.8	1009.9
1009.5	1006.9	1005.2
1007.9	1006.4	1004.9
1011.2	1009.7	1007.9
1013.2	1011.5	1009.2
1011.2	1009.3	1007.2
1010.2	1008.0	1005.5
1006.5	1003.0	999.8
Total
0.00
0.00
0.00
0.00
0.00
0.00
0.51
0.00
0.00
0.00
0.00
0.00
0.00
0.00
1.27
3.56
0.00
16.76
0.00
0.00
0.00
1.78
0.00
0.00
0.00
0.00
0.00
0.00
0.00
0.00
0.00
Sep
1
2
3
4
5
6
7
8
9
10
11
12
13
14
15
16
17
18
19
20
21
22
23
24
25
26
27
28
29
30
Max	Avg	Min
28	22.8	21
26	21.8	18
26	21.8	18
27	21.8	16
31	22.1	13
33	26.2	19
34	26.6	21
36	28.6	22
36	29.5	24
36	28.9	23
29	25.6	21
28	22.2	17
32	24.4	17
33	25.8	17
24	21.8	19
24	21.1	18
27	22.9	19
31	25.1	21
24	22.7	22
27	22.3	20
29	23.5	19
31	23.1	17
32	23.1	13
24	20.6	15
22	16.8	12
20	18.0	14
24	19.1	16
20	18.2	14
20	19.2	17
17	16.8	16
Max	Avg	Min
22	19.8	18
19	13.1	11
16	13.8	12
14	12.3	9
15	13.0	11
17	14.7	14
22	20.1	17
23	20.7	18
23	20.3	17
23	21.3	18
22	14.8	9
16	11.8	11
19	17.0	16
18	14.0	8
17	14.0	12
16	13.5	12
19	17.1	16
22	19.8	18
23	21.2	20
20	19.1	18
19	17.2	16
18	14.5	13
18	14.4	12
18	16.4	14
14	9.5	6
17	14.2	12
18	14.1	6
19	17.0	13
19	18.2	16
16	15.3	14
Max	Avg	Min
93	84.6	56
90	59.6	40
78	61.6	43
80	57.5	32
93	60.2	34
75	51.7	32
87	68.6	44
97	65.7	37
87	60.5	34
87	65.5	37
87	54.2	33
72	53.3	35
90	65.8	42
97	55.1	20
76	61.1	51
78	62.8	48
84	70.3	54
93	73.8	46
97	90.0	82
96	84.4	62
90	69.5	47
93	62.3	33
93	63.6	29
93	77.4	64
97	64.5	39
93	78.3	68
97	76.6	35
100	92.5	73
97	93.0	90
96	90.8	84
Max	Avg	Min
19	10.5	0
20	13.1	6
31	17.4	7
22	8.4	0
22	7.6	0
30	14.5	0
37	12.8	0
22	10.3	0
22	9.5	0
24	11.3	0
28	15.7	0
13	8.3	0
26	12.1	0
24	8.2	0
19	11.8	0
17	9.1	0
22	12.7	6
22	12.7	0
15	7.1	0
19	10.4	0
22	10.0	0
13	6.3	0
13	4.0	0
22	9.8	0
15	6.9	0
26	11.3	0
15	7.8	0
31	11.7	0
28	22.4	17
24	17.8	11
Max	Avg	Min
1004.9	1001.2	999.5
1008.9	1007.4	1005.2
1009.9	1008.0	1006.2
1013.2	1011.9	1010.5
1013.6	1010.7	1007.9
1008.5	1006.8	1004.5
1006.9	1005.2	1002.9
1004.2	1002.8	1000.5
1004.5	1002.7	1001.5
1005.5	1003.6	1001.2
1009.9	1006.0	1001.2
1013.2	1011.2	1009.9
1012.2	1009.9	1007.2
1008.9	1007.5	1005.9
1013.2	1011.6	1008.9
1014.6	1013.0	1011.5
1012.2	1010.2	1007.2
1007.2	1005.8	1004.2
1007.2	1005.2	1003.5
1009.5	1008.0	1006.9
1010.9	1009.4	1008.2
1010.2	1008.5	1006.9
1007.5	1005.6	1003.5
1009.9	1007.1	1004.5
1012.2	1010.6	1009.2
1010.2	1007.0	1003.5
1004.5	1002.8	1000.8
1005.5	1004.2	1002.9
1009.9	1007.3	1004.9
1010.5	1009.2	1008.5
Total
0.51
4.32
0.00
0.00
0.00
0.00
0.00
0.00
0.00
0.00
0.00
0.00
0.00
0.00
0.00
0.00
0.00
0.00
0.25
5.59
0.00
0.00
0.00
0.00
0.00
0.00
7.62
0.00
40.64
5.84
Oct
1
2
3
4
5
6
7
8
9
10
11
12
13
14
15
16
17
18
19
20
21
22
23
24
25
26
27
28
29
30
31
Max	Avg	Min
18	17.2	16
23	18.8	16
24	18.8	14
23	17.3	12
27	16.3	11
21	15.4	10
21	17.6	14
19	18.2	18
19	15.1	12
18	12.2	6
22	11.0	3
24	12.2	4
22	12.5	7
18	11.4	4
19	11.0	3
24	15.0	8
28	17.1	11
29	21.5	14
30	23.5	18
28	23.0	18
24	18.7	13
14	11.6	9
21	12.8	6
21	15.2	10
16	10.4	4
14	7.8	0
17	12.3	7
16	11.4	4
24	13.6	3
28	19.6	14
16	11.0	6
Max	Avg	Min
17	16.3	16
17	16.0	14
17	12.8	9
14	12.6	11
17	11.3	9
14	12.5	9
17	15.0	13
18	17.2	16
11	5.5	3
4	2.3	1
8	4.0	2
10	7.2	3
13	8.7	5
6	4.2	2
9	5.8	2
15	11.5	7
16	13.2	11
17	15.6	13
19	17.1	16
21	18.5	16
18	14.9	9
7	1.5	-2
7	3.3	-1
8	4.8	0
1	0.0	-1
4	0.5	-2
14	9.4	4
9	2.8	1
12	7.1	2
15	12.8	11
9	3.0	1
Max	Avg	Min
97	94.1	90
100	84.4	57
97	71.7	41
93	76.0	52
93	73.8	47
97	84.1	65
93	85.7	75
94	92.3	87
69	53.7	38
85	53.0	31
93	67.0	37
97	74.4	41
97	80.0	51
89	63.5	38
96	73.5	44
100	82.3	51
100	81.6	39
96	72.0	41
90	69.5	44
93	76.6	60
90	78.9	64
69	50.5	39
74	53.8	31
74	52.0	35
76	51.0	31
92	63.1	37
93	82.8	71
82	57.8	35
89	68.0	38
84	67.1	36
79	59.4	39
Max	Avg	Min
17	11.1	6
9	4.4	0
22	8.3	0
20	9.4	0
19	9.3	0
11	5.3	0
11	6.9	0
19	10.3	0
44	31.5	17
28	17.4	0
19	5.8	0
28	5.2	0
20	8.3	0
13	6.2	0
15	4.7	0
17	8.2	0
17	4.1	0
19	10.2	0
17	7.7	0
22	12.3	0
33	18.6	9
52	35.1	24
26	15.2	7
33	18.7	6
35	16.8	0
13	3.8	0
20	12.8	0
30	17.0	0
20	11.7	0
41	16.4	7
28	11.5	0
Max	Avg	Min
1008.9	1008.0	1006.9
1008.2	1006.7	1004.9
1008.5	1006.2	1004.9
1014.2	1011.9	1008.9
1015.9	1014.0	1006.2
1015.6	1014.3	1013.2
1013.6	1011.5	1008.9
1008.2	1005.6	1003.9
1011.2	1006.7	1003.9
1017.9	1015.2	1011.5
1020.6	1018.0	1011.5
1016.9	1013.9	1005.9
1013.9	1009.0	1007.9
1018.3	1016.3	1013.9
1018.6	1016.5	1014.6
1014.2	1010.6	1006.5
1006.2	1004.4	1001.5
1003.9	1002.0	1000.2
1007.2	1004.8	1002.2
1006.9	1004.0	999.8
999.5	993.7	990.8
1002.2	996.3	992.1
1005.9	1004.0	1002.2
1012.9	1006.1	1001.2
1018.3	1015.0	1013.2
1020.6	1018.3	1016.6
1016.9	1010.8	1005.9
1014.2	1012.0	1008.5
1012.9	1008.4	1004.2
1005.5	1002.8	999.2
1013.9	1011.0	1006.5
Total
5.33
0.25
0.00
0.00
0.00
0.00
0.00
1.02
4.06
0.00
0.00
0.00
0.00
0.00
0.00
0.00
0.00
0.00
0.00
0.76
0.00
3.56
0.00
0.00
0.00
0.00
0.00
0.76
0.00
0.00
1.27
Nov
1
2
3
4
5
6
7
8
9
10
11
12
13
14
15
16
17
18
19
20
21
22
23
24
25
26
27
28
29
30
Max	Avg	Min
16	11.1	4
25	16.1	11
26	18.0	13
17	13.2	6
19	9.7	2
19	11.8	4
16	7.8	1
20	9.8	-2
17	12.2	9
16	9.7	6
17	11.7	2
11	4.3	-3
17	5.4	-4
13	6.7	-3
17	9.9	4
17	8.4	0
16	8.0	1
22	9.8	-1
21	8.7	3
7	3.7	2
6	2.7	1
9	3.0	-3
10	3.2	-5
14	7.4	2
14	9.4	2
9	6.5	2
11	4.0	-2
11	4.3	-4
14	11.3	8
18	14.7	12
Max	Avg	Min
9	6.9	2
14	11.6	9
15	13.3	10
9	3.5	-1
3	1.7	-1
4	0.2	-3
-1	-2.5	-6
4	0.0	-3
12	7.8	2
1	0.4	-1
7	0.4	-5
-4	-5.6	-7
-2	-5.4	-11
4	-2.8	-6
7	3.3	-1
6	2.4	-1
5	1.8	-1
6	2.8	-2
7	1.7	-6
-4	-7.6	-10
-9	-10.7	-12
-8	-8.5	-10
-3	-7.0	-9
2	-0.8	-3
6	3.9	-1
4	-1.0	-3
-3	-3.8	-5
2	-2.3	-6
13	9.9	2
17	14.1	12
Max	Avg	Min
89	74.9	60
93	76.3	50
100	76.8	40
77	53.9	34
89	61.5	34
83	50.2	22
79	52.4	21
92	57.0	25
97	75.7	52
68	53.8	34
79	47.2	35
79	51.8	29
88	53.6	14
84	55.2	29
97	67.6	31
96	69.5	41
96	68.9	38
92	66.7	31
93	64.6	40
59	44.4	34
46	38.0	26
66	44.3	27
78	51.0	26
86	59.5	36
86	69.3	56
73	59.8	44
82	58.9	36
88	65.5	43
100	91.6	61
100	95.9	90
Max	Avg	Min
17	7.6	0
9	3.9	0
28	7.3	0
24	14.7	0
19	7.4	0
28	13.0	0
11	5.2	0
13	5.0	0
33	14.8	0
24	14.6	0
35	21.1	0
19	9.2	0
9	3.6	0
9	3.4	0
20	7.7	0
20	7.4	0
24	7.6	0
9	2.1	0
44	19.4	0
59	38.8	15
37	26.7	17
26	15.0	6
13	4.5	0
9	2.9	0
17	4.7	0
31	17.1	0
28	8.0	0
19	8.7	0
19	6.3	0
22	9.3	0
Max	Avg	Min
1015.9	1014.6	1013.6
1014.6	1012.6	1009.5
1009.2	1006.2	1003.2
1014.2	1011.1	1005.5
1016.6	1014.3	1012.6
1017.9	1014.7	1013.2
1021.6	1018.9	1015.9
1015.6	1010.1	1003.2
1006.5	1002.4	999.8
1009.5	1005.6	999.5
1012.2	1003.3	998.2
1018.9	1015.8	1012.9
1014.2	1011.6	1009.2
1008.9	1006.3	1003.5
1003.5	1001.2	999.5
1004.5	1001.0	999.2
1009.5	1007.6	1004.5
1011.5	1009.0	1006.2
1005.5	1000.6	994.1
1001.8	1000.7	999.8
1007.9	1004.1	1001.2
1015.6	1011.9	1008.2
1016.9	1014.6	1012.6
1012.2	1011.1	1009.2
1013.2	1011.1	1009.2
1011.9	1011.0	1009.9
1012.9	1011.5	1009.9
1010.9	1008.5	1005.2
1005.2	1000.4	997.5
1001.8	995.9	989.1
Total
0.00
0.00
0.00
0.00
0.00
0.00
0.00
0.00
3.56
1.27
0.00
0.00
0.00
0.00
1.02
0.00
0.00
0.00
0.00
0.51
0.00
0.00
0.00
0.00
0.00
0.00
0.00
0.00
0.51
5.08
Dec
1
2
3
4
5
6
7
8
9
10
11
12
13
14
15
16
17
18
19
20
21
22
23
24
25
26
27
28
29
30
31
Max	Avg	Min
14	10.2	7
11	7.1	5
8	5.7	3
7	4.1	-1
13	6.5	3
5	4.1	4
10	4.5	-1
8	2.8	-5
3	-0.6	-3
1	-1.8	-6
4	0.2	-5
11	6.7	4
8	4.5	1
7	3.0	0
1	-5.3	-11
-3	-6.5	-12
11	1.0	-4
17	9.9	1
2	-0.6	-2
2	-2.9	-8
8	0.0	-7
14	5.9	-1
8	3.5	-2
8	4.2	0
11	5.3	1
9	6.5	4
19	13.4	7
9	4.7	-1
11	4.5	1
5	2.0	-3
8	2.9	-4
Max	Avg	Min
12	2.5	-2
-2	-2.7	-4
-2	-2.6	-3
2	-2.0	-4
5	2.0	-1
4	2.0	-1
4	1.0	-2
1	-5.5	-11
-9	-9.9	-12
-10	-11.3	-12
-5	-7.8	-10
7	2.5	-5
1	-1.3	-3
-1	-4.5	-8
-6	-18.0	-22
-18	-20.0	-24
9	-2.9	-17
14	4.7	-8
-8	-9.3	-11
-8	-9.0	-11
-6	-7.6	-9
-4	-5.1	-7
-3	-4.7	-7
7	2.4	-4
3	1.3	-1
6	2.9	1
12	6.4	-1
0	-3.6	-5
4	-0.5	-5
-2	-6.1	-9
-6	-7.9	-9
Max	Avg	Min
97	60.8	40
56	50.5	41
63	55.6	47
93	65.8	49
97	75.0	43
96	86.1	65
97	79.5	44
92	58.9	30
58	50.0	41
66	49.9	38
78	56.6	44
97	76.5	49
82	66.8	53
89	61.0	34
72	38.2	25
56	35.4	21
97	78.9	33
86	70.9	54
61	52.3	40
84	65.3	44
85	60.5	30
69	46.7	28
75	56.5	40
100	88.7	49
93	76.5	54
86	77.3	71
87	64.7	33
76	52.1	0
93	73.0	41
73	56.0	45
69	48.7	31
Max	Avg	Min
31	17.3	0
35	19.6	7
39	23.1	11
17	6.8	0
19	9.5	0
22	10.9	0
19	8.3	0
33	15.0	0
37	23.0	7
24	13.0	0
19	9.0	0
24	14.6	6
13	6.6	0
30	9.2	0
44	25.0	0
20	11.2	0
22	13.3	0
57	28.2	13
19	12.5	6
9	3.9	0
15	3.7	0
39	16.8	0
19	8.7	0
19	7.4	0
19	7.1	0
22	10.9	0
33	17.1	6
24	10.5	0
35	13.4	6
44	20.3	0
39	21.4	7
Max	Avg	Min
1003.9	997.4	990.8
1008.9	1006.5	1003.9
1014.2	1012.0	1008.5
1014.6	1011.8	1006.5
1008.9	1005.8	1004.2
1008.9	1002.5	997.5
1007.2	1004.9	999.8
1014.2	1007.3	1004.2
1018.9	1015.5	1011.5
1022.3	1020.7	1019.3
1022.9	1017.6	1007.2
1007.9	1002.7	999.8
1010.9	1008.2	1005.2
1008.5	1005.6	1002.2
1017.6	1009.7	1001.5
1021.9	1018.7	1014.6
1012.6	1003.9	999.8
1021.6	1006.0	995.5
1029.0	1026.5	1022.6
1026.3	1019.7	1011.5
1013.6	1011.6	1009.2
1016.2	1008.2	1003.9
1021.9	1019.2	1016.2
1015.9	1012.6	1008.9
1025.3	1020.8	1015.6
1026.0	1020.2	1009.2
1007.2	1002.9	1000.2
1011.5	1008.5	1004.9
1004.9	997.0	992.1
1008.5	1000.8	995.8
1009.5	1006.0	1002.2
Total
34.80
0.00
0.00
0.00
6.60
0.00
26.16
0.00
0.00
0.00
0.00
3.05
0.00
0.00
0.00
0.00
1.02
3.05
1.02
0.00
0.00
0.00
0.00
8.38
3.81
0.00
0.00
0.00
5.08
0.00
0.00